11.499563199999994
13.839800000000007
16.092731999999977
18.259732000000000
20.342172800000000
22.341427199999998
24.258868000000049
26.095867999999967
27.853799999999978
29.534036799999996
31.137951200000032
32.666915999999986
34.122303999999986
35.505488000000014
36.817840799999942
38.060735200000067
39.235544000000061
40.343639999999880
41.386396000000104
42.365184800000065
43.281379199999833
44.136352000000102
44.931475999999975
45.668123999999921
46.347668800000065
46.971483199999966
47.540940000000091
48.057411999999999
48.522271999999816
48.936892800000123
49.302647200000138
49.620907999999872
49.893048000000135
50.120440000000144
50.304456799999571
50.446471199999905
50.547856000000138
50.609984000000168
50.634227999999894
50.621960800000124
50.574555199999850
50.493383999999878
50.379820000000109
50.235235999999986
50.061004800000092
49.858499200000097
49.629091999999673
49.374156000000085
49.095064000000093
48.793188799999825
48.469903200000090
48.126580000000558
47.764591999999993
47.385311999999885
46.990112799999679
46.580367200000637
46.157447999999022
45.722728000000188
45.277579999999944
44.823376800000005
44.361491200000273
43.893296000000191
43.420163999999659
42.943467999999939
42.464580800000022
41.984875200000261
41.505724000000100
41.028499999999894
40.554575999999997
40.085324799999398
39.622119200000270
39.166332000000239
38.719335999999657
38.282504000000245
37.857208800000080
37.444823199999973
37.046720000000278
36.664271999999983
36.298851999999897
35.951832800000375
35.624587199999951
35.318487999998979
35.034908000000087
34.775220000000445
34.540796799999953
34.333011200000328
34.153235999999652
34.002844000000096
33.883207999999740
33.795700800000304
33.741695199999867
33.722564000000148
33.739680000000135
33.794415999999728
33.888144800000191
34.022239200000058
34.198072000000138
34.417015999999876
34.680444000000080
34.989728799999739
