11.499563199999994
13.839800000000007
16.092731999999977
18.259732000000000
20.342172800000000
22.341427199999998
24.258868000000049
26.095867999999967
27.853799999999978
29.534036799999996
31.137951200000032
32.666915999999986
34.122303999999986
35.505488000000014
36.817840799999942
38.060735200000067
39.235544000000061
40.343639999999880
41.386396000000104
42.365184800000065
43.281379199999833
44.136352000000102
44.931475999999975
45.668123999999921
46.347668800000065
46.971483199999966
47.540940000000091
48.057411999999999
48.522271999999816
48.936892800000123
49.302647200000138
49.620907999999872
49.893048000000135
50.120440000000144
50.304456799999571
50.446471199999905
50.547856000000138
50.609984000000168
50.634227999999894
50.621960800000124
50.574555199999850
50.493383999999878
50.379820000000109
50.235235999999986
50.061004800000092
49.858499200000097
49.629091999999673
49.374156000000085
49.095064000000093
48.793188799999825
